3 0.318109 0.411464 0.067740 0.046929
2 0.075534 0.554102 0.150174 0.120042
3 0.276280 0.535735 0.084591 0.101728
3 0.441586 0.531978 0.158420 0.088725
2 0.387171 0.407160 0.087286 0.050706
2 0.175132 0.414471 0.065144 0.055288
3 0.108185 0.428052 0.069713 0.042822
2 0.508376 0.471289 0.082181 0.053891
1 0.367376 0.491905 0.028500 0.078753
2 0.175208 0.414060 0.064910 0.054657
1 0.341243 0.494049 0.018841 0.081779
2 0.256884 0.403063 0.042360 0.056376
2 0.828386 0.569160 0.342850 0.366121
2 0.045148 0.486454 0.090295 0.069388
3 0.444647 0.495860 0.113413 0.045431
2 0.458965 0.413198 0.033381 0.044886