2 0.140611 0.780727 0.281222 0.362120
1 0.380942 0.729723 0.101588 0.302326
3 0.706226 0.570649 0.112758 0.079303
3 0.792065 0.599553 0.161503 0.111102
1 0.202102 0.593225 0.048176 0.093712
2 0.445022 0.652057 0.169902 0.191346
3 0.569535 0.512322 0.044510 0.040251
0 0.385771 0.503343 0.284022 0.327272
1 0.489788 0.656437 0.070802 0.215572
3 0.945950 0.564378 0.049422 0.067648
3 0.608843 0.511717 0.032032 0.033145
3 0.011236 0.518616 0.022244 0.033911
3 0.092607 0.506831 0.042690 0.038505
1 0.332494 0.639695 0.061273 0.184245
3 0.170736 0.517256 0.033541 0.038919
1 0.332723 0.638791 0.060846 0.177464