2 0.040028 0.310998 0.080057 0.077656
3 0.469191 0.671460 0.275656 0.247337
3 0.546630 0.517460 0.194080 0.124504
3 0.738721 0.622798 0.250665 0.226303
3 0.227665 0.319351 0.089170 0.061343
2 0.708815 0.450986 0.156561 0.089966
2 0.854184 0.466622 0.072434 0.089298
2 0.118286 0.732492 0.233717 0.354108
1 0.415991 0.476980 0.041371 0.123137
2 0.594147 0.397763 0.101997 0.073530
2 0.518918 0.428239 0.096071 0.074275
1 0.372158 0.477226 0.025790 0.124318
2 0.840221 0.548728 0.229503 0.135983
2 0.303209 0.318452 0.092898 0.066139
3 0.722563 0.385624 0.074357 0.069991
1 0.257950 0.460857 0.039748 0.106140
2 0.144888 0.306503 0.064932 0.077232
2 0.374674 0.330074 0.046106 0.057670
1 0.613941 0.436029 0.022116 0.083676