3 0.550346 0.659081 0.245739 0.292479
1 0.918310 0.565779 0.029342 0.092266
0 0.366375 0.451227 0.145121 0.251233
1 0.367760 0.574868 0.041748 0.116435
1 0.529834 0.841903 0.210933 0.316193
2 0.240433 0.552885 0.150671 0.116159
0 0.277883 0.508627 0.082520 0.114695
0 0.172138 0.457741 0.097311 0.161935
0 0.767378 0.504635 0.059887 0.087484
0 0.767560 0.502747 0.058694 0.087965
0 0.020767 0.468573 0.041242 0.117699
1 0.646500 0.544691 0.023616 0.077294
1 0.901516 0.538250 0.020797 0.066245
1 0.899765 0.538218 0.019978 0.068178