2 0.618133 0.487096 0.195749 0.095038
3 0.088532 0.492474 0.141169 0.074592
2 0.148657 0.393904 0.089439 0.073837
3 0.224874 0.508974 0.139682 0.074936
2 0.785673 0.487215 0.179209 0.090935
3 0.326678 0.410766 0.051957 0.051095
1 0.923403 0.497659 0.031837 0.090800
1 0.017158 0.606106 0.033574 0.110978
1 0.277872 0.595606 0.026126 0.144402
1 0.886302 0.492005 0.023421 0.085948
2 0.207604 0.388754 0.109261 0.057329
1 0.864405 0.491980 0.025112 0.089956
1 0.365463 0.502871 0.028585 0.091187
1 0.354004 0.585758 0.021804 0.142954
2 0.281253 0.411560 0.047722 0.043054
2 0.051302 0.406201 0.102604 0.066674
2 0.419225 0.434362 0.063329 0.064721
2 0.038201 0.476207 0.075700 0.073572
2 0.738492 0.417467 0.072083 0.049422
1 0.852528 0.846493 0.247527 0.306110