2 0.631054 0.798021 0.434150 0.344561
1 0.763895 0.830213 0.172381 0.338760
3 0.415586 0.699857 0.199306 0.184471
3 0.656321 0.589351 0.134732 0.100810
2 0.827588 0.548561 0.089262 0.056826
3 0.978808 0.497346 0.042384 0.064020
1 0.213914 0.656362 0.020409 0.149861
1 0.280836 0.667340 0.023260 0.163777
1 0.252588 0.665414 0.024023 0.147898
1 0.345824 0.655196 0.035937 0.137539
1 0.281199 0.666385 0.022748 0.161669
1 0.676771 0.587440 0.022205 0.093584
3 0.031244 0.639154 0.062489 0.130672
1 0.212710 0.655610 0.018089 0.152522