1 0.569453 0.603388 0.041159 0.146678
0 0.556793 0.422674 0.088023 0.123244
1 0.252195 0.604159 0.050223 0.126691
0 0.669734 0.454354 0.087565 0.183571
0 0.824710 0.453482 0.061173 0.147307
1 0.631278 0.640530 0.050890 0.190320
2 0.151556 0.620907 0.299986 0.107381
3 0.818770 0.519052 0.031359 0.047780
0 0.922449 0.458015 0.097420 0.164042
2 0.381637 0.623845 0.211514 0.113393
3 0.846723 0.532744 0.033969 0.031918
3 0.770824 0.503954 0.050586 0.045215
3 0.732203 0.503982 0.044584 0.047436
0 0.897832 0.488662 0.085569 0.105930
2 0.981702 0.528616 0.036596 0.036732