2 0.530782 0.537562 0.245142 0.141027
3 0.410107 0.438468 0.060375 0.054359
3 0.058736 0.447346 0.117472 0.099437
2 0.262931 0.475173 0.286127 0.150801
2 0.659194 0.505218 0.080141 0.057369
3 0.533619 0.444224 0.053324 0.032045
3 0.476574 0.442744 0.037756 0.034979
3 0.608991 0.469563 0.058971 0.049365
2 0.768830 0.571774 0.193883 0.114192
3 0.665649 0.467820 0.057072 0.046638
2 0.363249 0.476812 0.090368 0.046020
2 0.263161 0.383734 0.054346 0.038110
2 0.846345 0.515694 0.071080 0.041689
2 0.742155 0.510776 0.080582 0.045878
2 0.743572 0.463727 0.056821 0.037950