0 0.840698 0.430570 0.145921 0.292044
3 0.319220 0.484332 0.042451 0.066503
1 0.476760 0.535407 0.020053 0.065730
3 0.381787 0.495150 0.037129 0.047787
1 0.695573 0.562715 0.026036 0.088163
1 0.452223 0.516785 0.018382 0.060887
1 0.518163 0.505932 0.017364 0.054631
3 0.252806 0.486120 0.034496 0.050229
1 0.346752 0.536043 0.023525 0.075404
1 0.709666 0.549921 0.017868 0.073480
1 0.725969 0.518759 0.013013 0.053966
1 0.490728 0.490364 0.015886 0.052434
1 0.264877 0.515129 0.014006 0.048464
1 0.355273 0.500762 0.015461 0.050029