3 0.797276 0.692242 0.290562 0.219215
3 0.378056 0.747871 0.243584 0.170014
3 0.118574 0.684411 0.237149 0.269618
2 0.309168 0.528424 0.112336 0.076198
2 0.861945 0.438306 0.133083 0.064945
2 0.542760 0.385233 0.097470 0.063144
2 0.771556 0.443735 0.143311 0.075630
3 0.372553 0.459642 0.061475 0.066379
3 0.887686 0.374822 0.070431 0.045762
2 0.738228 0.352003 0.058641 0.049892
2 0.252471 0.603740 0.208938 0.102922
2 0.811576 0.366816 0.070700 0.037287
2 0.656987 0.347595 0.043406 0.059038
2 0.055294 0.733502 0.110589 0.230731