1 0.584252 0.620153 0.051732 0.174085
1 0.656481 0.640761 0.064283 0.196864
1 0.760249 0.648394 0.063766 0.205346
1 0.935974 0.664047 0.064512 0.214579
1 0.129860 0.785777 0.049774 0.404891
1 0.558407 0.604710 0.043694 0.149217
1 0.874537 0.646933 0.040847 0.184611
1 0.689397 0.608829 0.037204 0.141293
1 0.831413 0.615948 0.042090 0.134199
1 0.158681 0.523210 0.022026 0.070776
1 0.253066 0.541097 0.019981 0.071201
1 0.905119 0.624415 0.027673 0.146619
1 0.328056 0.546421 0.022354 0.069450
1 0.219009 0.534106 0.019367 0.067890
1 0.689940 0.608473 0.036015 0.141197
1 0.182566 0.522592 0.017442 0.065070
1 0.206501 0.529342 0.018586 0.067253
1 0.790584 0.620289 0.033435 0.152895
1 0.268333 0.539207 0.017831 0.066762
1 0.874366 0.647180 0.040818 0.184508