3 0.872931 0.782868 0.254137 0.311128
1 0.284217 0.632259 0.061117 0.226847
1 0.621890 0.716659 0.069855 0.247102
1 0.130553 0.593303 0.063756 0.226537
3 0.957426 0.616868 0.085148 0.062712
1 0.706236 0.733299 0.071610 0.245454
1 0.239172 0.619940 0.061527 0.228905
2 0.569671 0.556734 0.096703 0.062627
3 0.698888 0.644287 0.143760 0.111681
3 0.655088 0.565433 0.071787 0.043517
1 0.476124 0.680448 0.048480 0.241228
2 0.967170 0.545615 0.065659 0.060191
1 0.186838 0.612328 0.063866 0.228683
1 0.591590 0.664816 0.031296 0.116119
1 0.550036 0.695312 0.048451 0.228390
2 0.092753 0.548399 0.161752 0.122291
1 0.394796 0.658036 0.033215 0.221596
1 0.400517 0.637397 0.041134 0.183294
1 0.396894 0.666627 0.049428 0.216309
1 0.400936 0.639346 0.040215 0.185328
3 0.020658 0.583291 0.040600 0.197409
1 0.892253 0.599404 0.024583 0.069456