3 0.166044 0.347425 0.299278 0.273897
3 0.136353 0.150922 0.160086 0.088505
2 0.657543 0.226878 0.163199 0.089856
3 0.307737 0.196483 0.156939 0.097650
1 0.328613 0.308181 0.037446 0.151592
1 0.422892 0.300783 0.037801 0.139398
1 0.021952 0.141369 0.030304 0.115702
2 0.028751 0.038666 0.056794 0.076027
2 0.755224 0.246452 0.147065 0.088168
1 0.784640 0.913002 0.194462 0.173996
3 0.073884 0.075335 0.031892 0.046436
1 0.478039 0.294368 0.035019 0.134895
1 0.862235 0.270588 0.022908 0.073614
2 0.980709 0.310234 0.037776 0.063415