3 0.305205 0.654199 0.475793 0.390635
2 0.837603 0.774319 0.323339 0.396977
1 0.579841 0.760744 0.113568 0.341641
3 0.658442 0.563044 0.177392 0.165963
1 0.415393 0.749691 0.110297 0.333546
1 0.657561 0.695695 0.104043 0.289501
2 0.729295 0.455226 0.089104 0.050934
1 0.035335 0.604086 0.070136 0.250798
2 0.802121 0.470240 0.053742 0.059182
3 0.696845 0.507963 0.099098 0.062361
3 0.965818 0.536300 0.056734 0.040904
1 0.268799 0.435519 0.034953 0.077352
2 0.862475 0.490896 0.061124 0.053863
1 0.547325 0.534922 0.036883 0.116014
1 0.233052 0.425561 0.029967 0.077285
3 0.775295 0.539550 0.062227 0.044272
1 0.321764 0.445058 0.032842 0.053631