1 0.185058 0.712725 0.054426 0.182051
3 0.587262 0.492486 0.122989 0.068684
2 0.559325 0.407937 0.110890 0.061045
2 0.079405 0.528541 0.117905 0.075401
3 0.710832 0.522796 0.125740 0.079751
2 0.652918 0.405909 0.079685 0.069279
3 0.192929 0.511243 0.089549 0.055919
3 0.297504 0.611827 0.194805 0.165587
1 0.553612 0.593079 0.042287 0.115684
1 0.438580 0.597162 0.040195 0.114493
3 0.832836 0.432273 0.057804 0.053816
1 0.847072 0.531685 0.031184 0.094587
1 0.503016 0.591032 0.038238 0.104960
1 0.075735 0.731565 0.026610 0.189955
2 0.718535 0.405265 0.103082 0.057309
1 0.733442 0.608201 0.022017 0.139796
2 0.159396 0.623503 0.177876 0.115890
1 0.811933 0.610666 0.024390 0.139327
1 0.495949 0.490076 0.027460 0.081776
2 0.061114 0.613152 0.120641 0.091556
1 0.895620 0.877887 0.208760 0.244225
2 0.783879 0.429604 0.049539 0.043973
2 0.009474 0.524427 0.018948 0.086347