1 0.564958 0.665833 0.114433 0.324870
1 0.654250 0.748731 0.118272 0.391595
3 0.728144 0.391002 0.148525 0.084545
3 0.500132 0.306847 0.075496 0.061790
1 0.901611 0.410611 0.029636 0.093781
3 0.681308 0.362694 0.108770 0.082643
1 0.944744 0.418273 0.032576 0.096016
2 0.418762 0.263299 0.067262 0.038669
1 0.115868 0.457519 0.033361 0.167055
1 0.143959 0.473822 0.033888 0.181230
1 0.025800 0.412998 0.033743 0.129992
1 0.934411 0.794480 0.131178 0.411040
2 0.460888 0.216045 0.052202 0.037384
1 0.541574 0.352234 0.022415 0.073707
1 0.526389 0.347370 0.022304 0.079563
2 0.103215 0.267336 0.083493 0.066142
1 0.933876 0.794781 0.130871 0.407805
3 0.993704 0.427713 0.012592 0.056379
2 0.105114 0.269865 0.080564 0.060474
1 0.444859 0.339252 0.021535 0.073801