2 0.240064 0.347571 0.091405 0.104446
2 0.346313 0.374393 0.074255 0.084176
3 0.721229 0.301607 0.079889 0.109495
3 0.518108 0.339668 0.089039 0.147611
2 0.102414 0.387717 0.203636 0.208620
2 0.663268 0.194555 0.045910 0.072969
3 0.183990 0.162922 0.045197 0.073536
3 0.589845 0.315107 0.054310 0.075251
2 0.801182 0.662606 0.388618 0.674789
2 0.937994 0.291250 0.121362 0.080069
3 0.350998 0.243540 0.035195 0.053050
2 0.352289 0.314685 0.057052 0.067560
2 0.288982 0.253628 0.075089 0.047621
2 0.351481 0.316560 0.057725 0.071157