1 0.186638 0.804288 0.124760 0.391424
2 0.876792 0.464112 0.084433 0.123947
1 0.359272 0.466678 0.026568 0.084049
3 0.524448 0.391224 0.055708 0.069344
1 0.380564 0.805390 0.137067 0.389220
1 0.208899 0.420419 0.016560 0.061105
1 0.648747 0.404377 0.017394 0.054215
1 0.358114 0.352576 0.018177 0.055555
1 0.769807 0.409725 0.018809 0.043928
1 0.404362 0.349320 0.019383 0.050511
1 0.517719 0.420046 0.014697 0.053083
1 0.358235 0.784685 0.129843 0.367576
1 0.929800 0.423616 0.015320 0.048370
1 0.924839 0.424039 0.011287 0.047263
3 0.124636 0.639296 0.051911 0.047046
1 0.518184 0.415949 0.015818 0.052749