2 0.412044 0.699416 0.383201 0.264092
0 0.281938 0.472648 0.363008 0.297232
1 0.080241 0.653424 0.072022 0.236536
1 0.316289 0.688093 0.072082 0.269748
0 0.587170 0.459037 0.079057 0.128155
1 0.593127 0.589355 0.031520 0.132900
1 0.656871 0.694208 0.048052 0.241052
0 0.694818 0.465234 0.138326 0.165578
2 0.036463 0.658898 0.072865 0.214928
2 0.630669 0.597453 0.147071 0.144012
3 0.553934 0.492197 0.018813 0.036431
0 0.498653 0.483891 0.060576 0.084029
1 0.102622 0.613592 0.040826 0.167142
3 0.532032 0.546177 0.130263 0.058628
1 0.623484 0.800242 0.062733 0.395576
0 0.498653 0.483891 0.060576 0.084029