3 0.377743 0.780714 0.301118 0.270077
1 0.112368 0.719730 0.066892 0.232857
1 0.191063 0.745046 0.069735 0.215579
1 0.876429 0.927307 0.055145 0.143031
1 0.929621 0.938503 0.060077 0.121599
2 0.942039 0.874810 0.115771 0.102489
2 0.440377 0.606554 0.093761 0.053982
1 0.033388 0.696197 0.051187 0.228108
1 0.974740 0.947882 0.050520 0.103933
2 0.038858 0.583341 0.077716 0.064507
1 0.062979 0.688952 0.034312 0.117423
3 0.516422 0.726299 0.084430 0.075534
3 0.174247 0.670916 0.132375 0.099564
3 0.123921 0.602508 0.076279 0.047031
2 0.582128 0.647982 0.065600 0.065229
1 0.975981 0.947092 0.048038 0.105816
2 0.579905 0.646889 0.070093 0.066701