2 0.613427 0.680792 0.215669 0.270588
2 0.387264 0.514125 0.184188 0.094131
2 0.488327 0.460708 0.085578 0.050642
2 0.547623 0.505879 0.075736 0.088509
2 0.823579 0.514980 0.148125 0.079046
2 0.676847 0.508220 0.165097 0.081138
2 0.938860 0.526098 0.121962 0.071285
2 0.286488 0.405287 0.083079 0.047818
3 0.139382 0.448041 0.055077 0.053820
2 0.037234 0.488655 0.074462 0.212278
2 0.628067 0.456332 0.095413 0.047708
3 0.604742 0.431182 0.055814 0.043597
2 0.212210 0.582782 0.206033 0.265565
2 0.460224 0.396044 0.055276 0.042721
2 0.389451 0.383841 0.042689 0.053157
3 0.800338 0.471342 0.066104 0.043169
3 0.722634 0.452004 0.076417 0.041412
2 0.921663 0.483271 0.079140 0.036772
2 0.530373 0.416049 0.064521 0.034290
3 0.721809 0.451921 0.076594 0.042064
2 0.952049 0.694741 0.095902 0.246478
2 0.952572 0.693544 0.094855 0.249750