2 0.119425 0.473940 0.101435 0.051434
1 0.899652 0.711490 0.095466 0.279133
1 0.485660 0.491520 0.034105 0.120181
2 0.649322 0.504454 0.143487 0.064192
3 0.539382 0.462724 0.057356 0.038858
1 0.397957 0.493280 0.032053 0.116164
1 0.440623 0.521513 0.018310 0.136475
1 0.606697 0.492906 0.027364 0.122040
1 0.541695 0.500076 0.025276 0.071640
1 0.359808 0.490988 0.016273 0.101398
1 0.989972 0.702025 0.020055 0.275983
1 0.363781 0.494793 0.015598 0.106894
1 0.588997 0.500743 0.020809 0.079502
3 0.604860 0.456371 0.070604 0.046425