3 0.732189 0.890445 0.423910 0.218844
2 0.458291 0.458634 0.079643 0.081185
2 0.705035 0.567999 0.207841 0.118157
3 0.552396 0.462946 0.097926 0.063391
2 0.582677 0.741752 0.576305 0.290972
3 0.201925 0.672761 0.183567 0.185540
2 0.861136 0.581757 0.277727 0.144657
3 0.272761 0.493213 0.069294 0.058080
1 0.093339 0.619608 0.055663 0.153295
2 0.678966 0.454137 0.149857 0.073783
2 0.353606 0.474950 0.057105 0.075680
1 0.975655 0.799772 0.047949 0.298547
1 0.729510 0.572867 0.038927 0.123652
1 0.846726 0.751544 0.044663 0.270949
2 0.983950 0.510871 0.032101 0.078933
2 0.982999 0.514473 0.034002 0.088130
1 0.135501 0.605217 0.046575 0.130946
1 0.032895 0.610733 0.045724 0.133231
2 0.028006 0.563699 0.055181 0.091469
2 0.985475 0.513128 0.029051 0.076228