2 0.504404 0.551396 0.317875 0.201303
1 0.047684 0.484420 0.057362 0.144684
2 0.148794 0.495886 0.176874 0.187218
3 0.060594 0.412710 0.120846 0.116439
2 0.355504 0.433054 0.110901 0.052115
2 0.859149 0.683879 0.281703 0.248428
3 0.093350 0.360575 0.073852 0.049791
1 0.018814 0.513669 0.037065 0.166753
2 0.109341 0.309508 0.069348 0.045286
3 0.324263 0.368986 0.046339 0.043629
2 0.454769 0.452531 0.083550 0.061956
2 0.183461 0.315838 0.048137 0.048528
1 0.704641 0.601735 0.061318 0.163682
2 0.238603 0.334691 0.053106 0.041611
3 0.874804 0.593336 0.090631 0.093336
2 0.322815 0.389854 0.052343 0.039707
2 0.720529 0.564010 0.113931 0.076518