1 0.501277 0.691313 0.087493 0.193601
1 0.785549 0.660698 0.073493 0.157254
1 0.057030 0.666964 0.060625 0.130797
3 0.218006 0.473408 0.094215 0.046103
1 0.839204 0.646199 0.061673 0.143136
3 0.550407 0.456942 0.083209 0.053322
1 0.549127 0.633055 0.051007 0.115371
1 0.691511 0.637771 0.052560 0.124480
1 0.482212 0.595770 0.043541 0.099765
3 0.674031 0.472625 0.086122 0.049587
1 0.451144 0.533476 0.029939 0.079494
1 0.728896 0.578918 0.028881 0.086807
1 0.573458 0.538533 0.028977 0.076730
1 0.705767 0.604902 0.039774 0.100041
3 0.626638 0.467394 0.046154 0.040566
1 0.538841 0.543406 0.033228 0.081923
1 0.555735 0.534770 0.025648 0.079988
3 0.627935 0.467435 0.046556 0.041789
1 0.436352 0.529011 0.025364 0.076792