3 0.753421 0.412656 0.057229 0.048738
1 0.865990 0.539332 0.033377 0.100988
2 0.133840 0.544803 0.080079 0.063850
1 0.815250 0.534992 0.028132 0.095935
1 0.982101 0.823475 0.035798 0.347392
1 0.755579 0.561924 0.022008 0.103709
1 0.848068 0.555866 0.021245 0.104996
1 0.187572 0.589255 0.021692 0.075868
1 0.799749 0.556856 0.023696 0.109084
1 0.744803 0.540072 0.017913 0.099529
1 0.790087 0.551203 0.022454 0.100170
1 0.982156 0.822402 0.035688 0.347001
1 0.800165 0.556711 0.022725 0.108627
2 0.479191 0.471047 0.048214 0.048971