3 0.476032 0.571560 0.103398 0.069291
3 0.788943 0.562547 0.124611 0.086259
3 0.157826 0.570681 0.103867 0.059433
3 0.897083 0.570547 0.083312 0.062916
3 0.046502 0.556152 0.092991 0.107372
3 0.320677 0.563955 0.124006 0.121412
3 0.580298 0.577016 0.105827 0.069042
3 0.621131 0.554740 0.127265 0.101180
3 0.195207 0.538623 0.058576 0.036884
3 0.747843 0.527583 0.065574 0.049110
3 0.481235 0.525272 0.041081 0.033148
3 0.979358 0.562123 0.041284 0.080914
3 0.249020 0.531622 0.051384 0.044105
3 0.450274 0.533967 0.050106 0.030946
3 0.686604 0.531335 0.059021 0.043875
3 0.877940 0.539456 0.052430 0.038527
3 0.139539 0.539714 0.080404 0.036219
3 0.527542 0.534305 0.031894 0.033058
3 0.979123 0.558644 0.041753 0.084888