1 0.321236 0.605104 0.049860 0.171521
3 0.569749 0.577614 0.139046 0.164319
2 0.385481 0.537679 0.117662 0.096634
1 0.887232 0.548376 0.026938 0.079513
0 0.400997 0.498730 0.076496 0.082871
1 0.521325 0.625306 0.055003 0.172311
0 0.468200 0.458492 0.142991 0.221993
0 0.233755 0.468101 0.073420 0.115633
1 0.477744 0.549775 0.030307 0.092417
1 0.063430 0.578936 0.051366 0.132381
1 0.224466 0.581009 0.047307 0.132062
1 0.916440 0.533444 0.019985 0.057066
0 0.838338 0.502859 0.045994 0.083485
0 0.176924 0.464449 0.043896 0.093219