2 0.148692 0.641227 0.098752 0.053619
3 0.694275 0.730087 0.134089 0.088888
0 0.393163 0.537834 0.132865 0.331682
3 0.968058 0.745382 0.063885 0.060075
3 0.632991 0.669131 0.086693 0.077829
3 0.526296 0.707727 0.109361 0.082817
0 0.965427 0.620701 0.069145 0.227516
3 0.552180 0.644532 0.050552 0.047843
0 0.650600 0.567146 0.049552 0.144115
0 0.756650 0.598201 0.174175 0.317683
0 0.614536 0.626073 0.035951 0.040761
1 0.652552 0.682571 0.015274 0.059763
0 0.988150 0.659278 0.023699 0.151926
0 0.465490 0.584348 0.017435 0.181790
3 0.532169 0.671451 0.076363 0.052430