3 0.377686 0.611330 0.164557 0.155452
3 0.455427 0.542614 0.088541 0.073722
3 0.202593 0.621971 0.064664 0.094536
3 0.501305 0.505346 0.047909 0.040712
2 0.750093 0.498757 0.070106 0.041923
2 0.662102 0.498749 0.091071 0.042418
3 0.442671 0.493632 0.058369 0.032582
2 0.441848 0.440332 0.054791 0.035295
2 0.576667 0.564589 0.095125 0.109833
3 0.625515 0.450969 0.038438 0.033332
2 0.806829 0.555569 0.246927 0.119505
3 0.238218 0.510468 0.049638 0.032204
2 0.546344 0.435635 0.046779 0.028296
2 0.663065 0.499615 0.089766 0.042982
2 0.504589 0.432940 0.046876 0.029886
2 0.965590 0.541205 0.068525 0.049044
2 0.968409 0.541588 0.063183 0.045650