3 0.163183 0.665454 0.323263 0.170147
2 0.460632 0.568845 0.112297 0.100248
2 0.160920 0.493888 0.118779 0.100208
3 0.879207 0.535034 0.136099 0.082476
2 0.301968 0.538433 0.110734 0.111951
2 0.644024 0.567460 0.143176 0.091324
2 0.385746 0.504801 0.083655 0.053386
3 0.375943 0.464877 0.053843 0.033588
2 0.302699 0.465001 0.073577 0.039472
3 0.255217 0.441946 0.047470 0.035831
2 0.014686 0.416142 0.029372 0.043994
2 0.476031 0.508304 0.090582 0.047021
3 0.430483 0.478680 0.049655 0.037838
2 0.139459 0.411115 0.044419 0.038380
3 0.989910 0.511492 0.020181 0.078075
2 0.200797 0.430096 0.059668 0.029010
2 0.209766 0.467233 0.047296 0.035271
2 0.079678 0.401883 0.035278 0.044478