1 0.622777 0.504855 0.053967 0.174541
2 0.544814 0.519388 0.093468 0.077750
1 0.492979 0.501881 0.048501 0.153640
2 0.301223 0.486794 0.094903 0.052044
3 0.750263 0.471005 0.067474 0.040821
2 0.837609 0.519327 0.177674 0.080603
1 0.928536 0.835187 0.142928 0.329626
3 0.833058 0.466413 0.043294 0.061158
1 0.691325 0.512876 0.028712 0.085550
1 0.369918 0.543395 0.034160 0.183996
1 0.383815 0.501940 0.035544 0.159866
1 0.585422 0.838305 0.163906 0.323390
1 0.752562 0.514120 0.026407 0.089510
2 0.610431 0.365472 0.034971 0.046869