3 0.323462 0.494225 0.082078 0.066415
3 0.196509 0.518057 0.141756 0.106414
1 0.722544 0.585842 0.019012 0.134779
1 0.596928 0.575923 0.017894 0.129012
2 0.476079 0.605771 0.223702 0.145087
1 0.015393 0.519470 0.028037 0.088815
1 0.643777 0.603765 0.022992 0.158368
1 0.292895 0.546422 0.016147 0.070750
1 0.115071 0.531914 0.015898 0.056863
3 0.832245 0.550095 0.123674 0.162828
1 0.270771 0.520852 0.020134 0.075194
1 0.384928 0.538363 0.014160 0.075882
2 0.167601 0.544248 0.205863 0.069472
2 0.081432 0.527198 0.125962 0.065763
2 0.073065 0.526652 0.123969 0.069185