0 0.305709 0.495432 0.401123 0.745066
0 0.669157 0.457559 0.116597 0.434814
1 0.644648 0.733231 0.055767 0.162124
0 0.559103 0.464966 0.135360 0.546270
1 0.643702 0.733959 0.056426 0.163340
1 0.852966 0.728254 0.050328 0.159094
1 0.682808 0.698992 0.048980 0.143791
1 0.937017 0.680042 0.051126 0.126284
1 0.715331 0.677677 0.041896 0.133567
2 0.963750 0.539560 0.071685 0.055901
1 0.744062 0.658537 0.036239 0.122109
1 0.807693 0.628192 0.035140 0.100376
1 0.760653 0.641935 0.031967 0.113938
1 0.827996 0.668166 0.030182 0.082615
1 0.838480 0.623997 0.029162 0.059751
1 0.944815 0.638963 0.036557 0.088655
1 0.809756 0.743403 0.060346 0.166561
1 0.941622 0.516194 0.014309 0.032686
1 0.941341 0.642024 0.042778 0.100347
1 0.810052 0.745051 0.059851 0.163403
1 0.937212 0.641996 0.050806 0.101966