2 0.593162 0.534671 0.453333 0.254236
3 0.040174 0.517936 0.080349 0.091033
1 0.848616 0.484384 0.050411 0.183453
2 0.153184 0.393759 0.094678 0.047987
3 0.199188 0.513723 0.147686 0.085430
1 0.903690 0.489286 0.047473 0.176883
1 0.803704 0.478170 0.047283 0.176058
2 0.019369 0.389694 0.038560 0.058570
1 0.103006 0.480676 0.020151 0.076680
3 0.492161 0.426796 0.049629 0.049224
3 0.079727 0.397949 0.070072 0.049994
1 0.129348 0.479146 0.029670 0.076583
2 0.960274 0.521899 0.079452 0.231212
2 0.267078 0.459343 0.073687 0.053933
1 0.937202 0.481839 0.031520 0.151548
3 0.079394 0.397757 0.068214 0.048737
2 0.412385 0.483205 0.212676 0.146935