2 0.577242 0.435734 0.196864 0.149457
3 0.076052 0.338355 0.108027 0.063772
3 0.761573 0.337987 0.074495 0.081562
2 0.667554 0.369633 0.106167 0.078463
3 0.096659 0.806196 0.192669 0.387608
2 0.503347 0.369577 0.108620 0.072001
1 0.255556 0.692198 0.043887 0.305107
1 0.193243 0.615425 0.033944 0.259527
2 0.196558 0.437180 0.206788 0.114753
1 0.874366 0.454672 0.041955 0.132494
1 0.211831 0.437226 0.038318 0.118222
1 0.300279 0.658024 0.037530 0.281124
2 0.009593 0.329705 0.019186 0.075407
2 0.323821 0.436968 0.270357 0.137508
2 0.323716 0.436810 0.268925 0.139787
1 0.298998 0.659692 0.035443 0.281835
2 0.211616 0.325960 0.147786 0.074883