1 0.869328 0.547655 0.077228 0.217556
1 0.980037 0.543090 0.039927 0.185245
1 0.705579 0.523728 0.062879 0.169706
3 0.697010 0.534125 0.128454 0.096292
1 0.600526 0.526101 0.059078 0.185323
3 0.016866 0.448182 0.033733 0.048938
1 0.291457 0.517911 0.024580 0.087489
1 0.321693 0.518206 0.022575 0.086463
3 0.526729 0.538520 0.065903 0.052099
1 0.487862 0.527184 0.025158 0.085853
1 0.466604 0.523264 0.023299 0.084424
1 0.796779 0.537412 0.081434 0.201001
1 0.358784 0.525244 0.020196 0.074239
1 0.249196 0.525283 0.017227 0.068649
3 0.435440 0.547276 0.077060 0.033523
1 0.249807 0.525954 0.017048 0.067273