1 0.379652 0.835433 0.142331 0.323918
3 0.094562 0.799124 0.187976 0.395988
1 0.610678 0.807393 0.061500 0.357558
1 0.512964 0.751313 0.087568 0.283379
3 0.890346 0.508330 0.073596 0.048798
1 0.980786 0.578553 0.022177 0.086097
1 0.797372 0.578486 0.023769 0.094751
3 0.947887 0.568522 0.073664 0.070999
2 0.695837 0.516023 0.056096 0.054508
2 0.892572 0.585896 0.105718 0.084390
3 0.943470 0.567076 0.074584 0.072738
2 0.217413 0.740413 0.246157 0.242688
2 0.455737 0.509293 0.070495 0.058352
1 0.271810 0.865432 0.122483 0.269136