2 0.555800 0.555816 0.385198 0.209024
1 0.819783 0.496211 0.031829 0.152637
2 0.774312 0.472349 0.179833 0.121265
2 0.637567 0.515644 0.213850 0.166984
1 0.234369 0.373001 0.016690 0.061781
3 0.371509 0.382029 0.103522 0.077660
1 0.071354 0.380994 0.020629 0.076366
1 0.957886 0.405492 0.035070 0.066967
1 0.781063 0.504778 0.039861 0.100347
1 0.191306 0.396169 0.020579 0.079288
1 0.264411 0.383969 0.019522 0.069926
1 0.766875 0.642282 0.096949 0.268238
1 0.161767 0.389808 0.017137 0.080354
2 0.901738 0.417108 0.144317 0.053610
1 0.164416 0.390336 0.019256 0.078531