1 0.591852 0.800802 0.134772 0.383713
1 0.057000 0.808542 0.046468 0.108001
1 0.704924 0.807257 0.046455 0.143739
1 0.969158 0.800087 0.024884 0.098008
1 0.458724 0.819985 0.036425 0.105139
1 0.925936 0.802824 0.026565 0.090080
1 0.989790 0.800696 0.020421 0.109331
1 0.484782 0.793873 0.027495 0.079500
1 0.779708 0.807870 0.025152 0.087125
3 0.068838 0.703533 0.065289 0.050821
1 0.649510 0.807976 0.029489 0.089224
1 0.860239 0.799127 0.018369 0.073096
1 0.367400 0.819349 0.052053 0.130755
3 0.282884 0.717187 0.059220 0.042534
1 0.368259 0.818374 0.052730 0.133785
3 0.774977 0.805321 0.049088 0.062150
3 0.773624 0.805579 0.051292 0.058109