2 0.140458 0.715654 0.075280 0.067403
3 0.428364 0.926064 0.241731 0.145554
3 0.309062 0.708375 0.078637 0.052241
2 0.525830 0.788584 0.097024 0.069059
2 0.388741 0.702599 0.101053 0.058063
3 0.163810 0.931689 0.131046 0.136622
3 0.059062 0.733285 0.084387 0.051705
1 0.345777 0.831199 0.038232 0.104403
3 0.452798 0.851254 0.168016 0.089747
1 0.310754 0.833136 0.025385 0.104437
2 0.610071 0.752158 0.075008 0.063064
2 0.476867 0.709575 0.039833 0.052975
1 0.223776 0.831316 0.034056 0.099186
2 0.237170 0.704515 0.049645 0.067870
3 0.792731 0.735289 0.064287 0.070675
3 0.793041 0.737145 0.064799 0.072445