2 0.524489 0.551533 0.135634 0.082681
3 0.201324 0.443282 0.056604 0.048955
2 0.158258 0.481493 0.215271 0.114020
2 0.348104 0.524648 0.167054 0.103567
2 0.954941 0.618131 0.089653 0.135460
3 0.263404 0.447066 0.036406 0.032423
3 0.387356 0.472611 0.052885 0.042659
3 0.436404 0.473069 0.049562 0.043910
2 0.051724 0.386122 0.056550 0.041138
2 0.434715 0.506499 0.068167 0.047563
2 0.506889 0.507988 0.071089 0.040968
3 0.315266 0.449476 0.050182 0.029538
2 0.809806 0.515142 0.096813 0.040716
2 0.161946 0.399358 0.037602 0.038621