3 0.352559 0.462742 0.208549 0.183613
3 0.140031 0.437504 0.089879 0.109984
2 0.874134 0.511988 0.251731 0.170325
3 0.792205 0.477030 0.106688 0.053862
2 0.606214 0.458821 0.120118 0.143699
2 0.685804 0.401410 0.088971 0.048704
2 0.453082 0.294405 0.075456 0.038091
2 0.563725 0.312523 0.047651 0.038380
1 0.201682 0.364561 0.023896 0.088317
1 0.237130 0.371955 0.022310 0.081897
2 0.791207 0.423551 0.102346 0.058103
1 0.222083 0.369491 0.023370 0.085450
3 0.227075 0.324475 0.057713 0.032437
3 0.449966 0.401988 0.120869 0.099450
3 0.642367 0.341797 0.040625 0.032377
1 0.687776 0.447269 0.024219 0.078046
2 0.516884 0.298818 0.052155 0.039701
1 0.178031 0.360881 0.014218 0.084759