3 0.132273 0.860382 0.231454 0.120129
3 0.250620 0.730215 0.087778 0.082521
3 0.367273 0.804836 0.108406 0.062241
2 0.420637 0.885404 0.137101 0.138093
2 0.624092 0.923384 0.161558 0.135113
3 0.603233 0.807407 0.102032 0.086548
3 0.500857 0.801045 0.106694 0.084001
2 0.221016 0.777752 0.116250 0.080414
3 0.356632 0.744157 0.045117 0.052608
2 0.061431 0.763336 0.122778 0.092644
3 0.661642 0.800469 0.083288 0.068257
2 0.079480 0.635953 0.078861 0.056202
2 0.863608 0.947933 0.175821 0.104135
2 0.791424 0.819160 0.100512 0.062808
3 0.448698 0.755362 0.070697 0.048487
3 0.741185 0.943066 0.088906 0.106205
2 0.270483 0.672829 0.046854 0.053314