2 0.659291 0.622816 0.146156 0.201041
3 0.892332 0.623694 0.214758 0.127398
2 0.765136 0.494643 0.111750 0.085527
2 0.890940 0.524948 0.119382 0.090066
2 0.809242 0.465638 0.048920 0.036176
3 0.867255 0.465678 0.057655 0.032726
2 0.515204 0.426365 0.057844 0.038521
3 0.633302 0.506692 0.084130 0.046881
2 0.698212 0.469583 0.077920 0.037795
2 0.975372 0.506987 0.049257 0.043814
3 0.732052 0.444520 0.049050 0.035176
2 0.633886 0.418412 0.037002 0.032908
2 0.989754 0.559397 0.020492 0.070366
2 0.583742 0.409297 0.026737 0.037101
2 0.680370 0.433543 0.042722 0.028173