3 0.496634 0.576438 0.166490 0.087788
2 0.413183 0.520267 0.142603 0.072616
2 0.111214 0.553248 0.135647 0.070125
2 0.899851 0.616383 0.136325 0.115754
2 0.252386 0.538209 0.064516 0.078214
3 0.918227 0.535979 0.101215 0.081139
3 0.694719 0.541013 0.096958 0.056432
3 0.817220 0.531284 0.100305 0.076953
3 0.595342 0.484461 0.078279 0.073232
2 0.721569 0.591718 0.108733 0.109397
2 0.567445 0.523876 0.094153 0.067392
3 0.689761 0.490962 0.039234 0.045620
3 0.977347 0.528760 0.045307 0.065474
2 0.155193 0.499553 0.083570 0.056391
2 0.448119 0.413017 0.060218 0.048719
2 0.022728 0.546452 0.045248 0.077295
3 0.772627 0.495820 0.065797 0.042194
2 0.612195 0.435502 0.042846 0.050490
3 0.981026 0.633931 0.037948 0.085301