3 0.405367 0.636168 0.324767 0.269056
3 0.188321 0.603602 0.258983 0.222987
3 0.069826 0.654206 0.139231 0.293366
0 0.528262 0.471901 0.046628 0.108530
0 0.402473 0.459418 0.049065 0.082390
0 0.675011 0.483200 0.048347 0.132817
0 0.582262 0.474418 0.048332 0.119806
0 0.064452 0.438188 0.128905 0.222943
0 0.613863 0.521617 0.083892 0.098248
2 0.717394 0.552547 0.053747 0.036444
0 0.472206 0.482587 0.088814 0.151029
0 0.361091 0.486979 0.048190 0.043731
2 0.726737 0.529616 0.036519 0.031685
0 0.347546 0.464655 0.066708 0.086071
0 0.606343 0.522665 0.073273 0.099231
0 0.469903 0.479979 0.084410 0.144460
2 0.728489 0.527307 0.034892 0.033924
0 0.347546 0.464655 0.066708 0.086071
3 0.666581 0.533193 0.024608 0.030957