2 0.757684 0.584885 0.288205 0.147722
2 0.211938 0.527463 0.107847 0.130373
3 0.068374 0.465506 0.109281 0.086192
1 0.131656 0.523605 0.036928 0.113697
1 0.046518 0.562930 0.044541 0.123316
1 0.110449 0.550505 0.044092 0.119596
2 0.393166 0.460631 0.079585 0.055184
3 0.117705 0.429996 0.056891 0.041817
2 0.057724 0.360096 0.074523 0.040975
3 0.036438 0.533703 0.072458 0.176647
3 0.054830 0.409888 0.066815 0.039776
2 0.469490 0.531450 0.220622 0.126920
2 0.175414 0.365764 0.051728 0.043769
1 0.613945 0.542263 0.041032 0.125755
3 0.258248 0.391795 0.042029 0.037029
2 0.124523 0.361339 0.053841 0.045667
2 0.961040 0.625266 0.077920 0.143231
2 0.614338 0.521120 0.115306 0.078855
2 0.295283 0.453490 0.078728 0.050590
1 0.005680 0.404418 0.011219 0.051714