2 0.593245 0.444900 0.098341 0.093028
2 0.234839 0.187237 0.109577 0.074422
3 0.142954 0.164635 0.083885 0.075334
2 0.439634 0.381239 0.161788 0.105463
3 0.114398 0.333187 0.128966 0.124202
3 0.936074 0.655428 0.127852 0.120215
2 0.324009 0.315917 0.122602 0.081961
1 0.042753 0.270092 0.038515 0.105491
2 0.420389 0.319228 0.067454 0.070856
2 0.578291 0.370491 0.066010 0.066154
2 0.345348 0.238653 0.039246 0.062888
1 0.011471 0.254301 0.022823 0.096076
1 0.749537 0.519104 0.020453 0.077920
3 0.052299 0.375945 0.104212 0.169143
3 0.641258 0.378434 0.057339 0.079288
2 0.062541 0.129308 0.059251 0.076284
1 0.504933 0.490710 0.025150 0.097256
2 0.062824 0.129094 0.059784 0.075398
2 0.509486 0.362680 0.092998 0.081418