3 0.213023 0.375006 0.109275 0.091641
2 0.229091 0.629996 0.192145 0.225613
3 0.620488 0.417472 0.134258 0.107372
3 0.754480 0.655975 0.193302 0.179176
3 0.711335 0.387960 0.102971 0.083233
3 0.485913 0.428799 0.133837 0.105964
3 0.310378 0.458855 0.139900 0.081955
2 0.117445 0.450477 0.159363 0.100646
2 0.583517 0.644732 0.242765 0.228258
2 0.036395 0.292425 0.072791 0.062671
2 0.915723 0.642351 0.168080 0.206506
3 0.450859 0.372395 0.092035 0.056724
3 0.340904 0.373675 0.047024 0.059597
2 0.869827 0.392188 0.121350 0.064208
2 0.260517 0.307960 0.049997 0.063277
2 0.361863 0.327518 0.048694 0.053351
3 0.541757 0.388256 0.073852 0.045266
2 0.992532 0.443274 0.014935 0.041190