3 0.119158 0.238014 0.116751 0.124660
3 0.956602 0.214481 0.067800 0.070030
3 0.831880 0.270933 0.066931 0.071575
3 0.154280 0.074651 0.069639 0.060559
3 0.270737 0.093788 0.060280 0.054354
3 0.486243 0.232958 0.060422 0.072289
3 0.200562 0.062670 0.054988 0.053787
3 0.399711 0.104791 0.051661 0.048713
3 0.586784 0.147355 0.051125 0.055065
3 0.133180 0.055745 0.060881 0.046034
3 0.456399 0.127028 0.031877 0.055400
3 0.132475 0.055499 0.061525 0.047191
3 0.966398 0.457564 0.067204 0.137249
3 0.432641 0.152616 0.061361 0.065220