3 0.236874 0.614770 0.371028 0.323922
2 0.683418 0.583119 0.215463 0.237209
3 0.874762 0.584381 0.133665 0.072939
2 0.445817 0.401174 0.077998 0.041406
2 0.837528 0.524225 0.121096 0.061956
1 0.079842 0.472085 0.039641 0.110084
3 0.438960 0.507308 0.139832 0.128938
1 0.046071 0.471981 0.021197 0.119213
2 0.566492 0.415891 0.053148 0.040738
1 0.108276 0.471913 0.032919 0.098456
1 0.132673 0.475950 0.034597 0.100590
2 0.512395 0.402973 0.050147 0.046340
1 0.791575 0.562750 0.022623 0.093638
3 0.501034 0.482012 0.057788 0.049410