2 0.568220 0.590101 0.199734 0.119502
2 0.320003 0.591769 0.132760 0.132357
3 0.878875 0.546729 0.179998 0.111878
2 0.097731 0.545922 0.138771 0.154938
2 0.296698 0.504240 0.114529 0.060591
2 0.402082 0.509392 0.099939 0.055052
2 0.207335 0.505736 0.062698 0.068702
2 0.110513 0.464091 0.084863 0.044828
3 0.315978 0.459923 0.061883 0.036444
3 0.381197 0.475697 0.055794 0.039403
3 0.200505 0.436959 0.054343 0.039953
2 0.235158 0.462277 0.083634 0.041708
2 0.067300 0.401790 0.054208 0.040636
2 0.491359 0.514898 0.080084 0.046504
2 0.007726 0.388870 0.015453 0.054229
2 0.478071 0.485149 0.055151 0.032351
2 0.124937 0.420208 0.046570 0.032032