1 0.648111 0.688424 0.091194 0.231399
1 0.136848 0.656617 0.080446 0.177903
3 0.501395 0.574822 0.099215 0.064659
1 0.853574 0.639687 0.062367 0.165528
1 0.028982 0.630775 0.057965 0.139047
1 0.762080 0.602185 0.047327 0.128863
1 0.962895 0.700140 0.074071 0.251321
1 0.424774 0.587116 0.042027 0.105217
1 0.193599 0.638012 0.066938 0.156379
1 0.062171 0.561960 0.033228 0.097219
1 0.975742 0.815265 0.048517 0.369470
1 0.027252 0.630493 0.054504 0.141951
3 0.024667 0.440866 0.049085 0.048968
1 0.193750 0.637775 0.066560 0.153976
1 0.035998 0.585261 0.045740 0.101863