3 0.540286 0.638158 0.157739 0.155082
0 0.700094 0.380495 0.266708 0.487554
3 0.063326 0.670962 0.126652 0.181892
0 0.540594 0.353760 0.117298 0.403655
1 0.360317 0.582067 0.028054 0.136344
1 0.330070 0.506046 0.036983 0.103177
1 0.470999 0.573183 0.050223 0.133360
1 0.397677 0.541667 0.025631 0.121408
1 0.120539 0.596527 0.054544 0.148811
1 0.147216 0.546794 0.023062 0.120307
1 0.485770 0.518998 0.039166 0.109605
1 0.021997 0.554785 0.037848 0.078207
1 0.291351 0.553502 0.024552 0.123077
1 0.368207 0.512278 0.021383 0.098258
1 0.550900 0.532818 0.043147 0.075764
1 0.253853 0.596625 0.032031 0.142166
1 0.226735 0.562416 0.031796 0.132764