3 0.320174 0.726976 0.194752 0.147490
2 0.463720 0.589787 0.126759 0.072723
1 0.604596 0.755554 0.050227 0.144546
2 0.591884 0.592185 0.085621 0.063383
3 0.955441 0.632906 0.089118 0.067808
3 0.725353 0.872151 0.549295 0.255697
1 0.532351 0.751360 0.044529 0.136114
2 0.868357 0.585274 0.084011 0.053301
2 0.182162 0.729483 0.132057 0.102738
1 0.509288 0.742065 0.038433 0.126926
1 0.401729 0.746483 0.036269 0.125723
2 0.026412 0.690447 0.052794 0.111261
1 0.073108 0.720151 0.028535 0.087660
1 0.469596 0.744486 0.032848 0.126978
1 0.056275 0.715073 0.024985 0.085351
1 0.456960 0.742403 0.033974 0.124817
1 0.027179 0.718489 0.020821 0.081894
1 0.456696 0.743702 0.034393 0.127264