3 0.123746 0.374497 0.145811 0.084451
2 0.086930 0.272008 0.130656 0.075961
2 0.647007 0.513048 0.195276 0.109578
1 0.096655 0.479596 0.048678 0.128249
3 0.240246 0.426549 0.097295 0.085631
2 0.809308 0.565512 0.167128 0.113407
3 0.364452 0.360990 0.051740 0.056992
1 0.950063 0.617269 0.033076 0.092297
2 0.191758 0.291944 0.080778 0.081936
1 0.019077 0.349519 0.032843 0.090260
1 0.037408 0.464218 0.047526 0.114316
1 0.890920 0.595445 0.025852 0.091433
1 0.912683 0.600632 0.024674 0.089765
2 0.077050 0.332059 0.154101 0.069299
1 0.394197 0.461589 0.027816 0.085796
1 0.374789 0.538862 0.024622 0.137277
2 0.255689 0.302915 0.099512 0.082574
1 0.299150 0.527647 0.027562 0.138243