2 0.358534 0.473883 0.076318 0.064783
2 0.311346 0.776612 0.456376 0.227576
3 0.791327 0.602123 0.172094 0.092116
3 0.517568 0.459568 0.076644 0.054433
3 0.699500 0.715452 0.191819 0.168527
3 0.285695 0.493189 0.076288 0.052463
2 0.782319 0.532083 0.092065 0.069688
2 0.592503 0.449905 0.107916 0.055597
2 0.940445 0.533493 0.119110 0.083059
2 0.232144 0.585430 0.138391 0.088047
1 0.676850 0.582917 0.034294 0.104132
2 0.857484 0.492481 0.106254 0.066904
1 0.641248 0.587325 0.020891 0.101501
3 0.906723 0.671030 0.184595 0.171595
2 0.058434 0.835234 0.116132 0.207015
1 0.253829 0.598064 0.025156 0.091863
3 0.977837 0.463748 0.044326 0.070335
2 0.448824 0.457604 0.053670 0.066781
1 0.547494 0.584639 0.030909 0.091719
2 0.176757 0.567899 0.128836 0.080170