3 0.530902 0.794204 0.513694 0.381082
3 0.527146 0.398001 0.117699 0.072751
2 0.659141 0.382996 0.181737 0.090349
1 0.265809 0.659931 0.098523 0.286419
3 0.178957 0.451137 0.096477 0.071786
2 0.282241 0.422644 0.084575 0.096169
1 0.180699 0.665562 0.094297 0.282781
2 0.414416 0.397834 0.080928 0.097305
2 0.805009 0.394457 0.052749 0.067548
1 0.971119 0.518892 0.035265 0.170986
2 0.867982 0.515077 0.240317 0.148630
1 0.033497 0.651052 0.066388 0.234147
2 0.976563 0.430020 0.046874 0.092665
2 0.976788 0.429848 0.045891 0.084999