2 0.497452 0.389580 0.130647 0.086332
1 0.259202 0.536512 0.079412 0.225820
3 0.361365 0.393413 0.137382 0.087137
1 0.411182 0.557850 0.073290 0.223044
1 0.110914 0.514071 0.079691 0.224494
1 0.057646 0.499227 0.085491 0.218615
1 0.154038 0.506409 0.066386 0.211392
1 0.971800 0.469095 0.029273 0.087181
1 0.894010 0.451294 0.032471 0.089531
1 0.764723 0.428320 0.030004 0.090457
1 0.823276 0.438275 0.030803 0.090267
2 0.054754 0.292296 0.078631 0.065679
2 0.219920 0.366313 0.083415 0.048333
2 0.598460 0.330027 0.051632 0.041869
3 0.504771 0.293228 0.045469 0.029742
1 0.790296 0.449401 0.021555 0.054951