1 0.752434 0.600276 0.026092 0.144103
3 0.268936 0.641089 0.164515 0.151423
3 0.901687 0.638770 0.195744 0.142349
2 0.489098 0.602321 0.199463 0.118644
1 0.557240 0.664011 0.030072 0.222159
0 0.451864 0.482599 0.044597 0.074781
1 0.961332 0.651190 0.041310 0.202980
1 0.467543 0.620737 0.020809 0.163141
0 0.112594 0.468944 0.054026 0.084203
1 0.859407 0.696747 0.045917 0.254011
1 0.409068 0.604788 0.022407 0.142250
0 0.873283 0.474133 0.102220 0.134389
0 0.767061 0.496348 0.123950 0.100568
1 0.959947 0.543209 0.020609 0.072481
3 0.649835 0.512733 0.041044 0.043924
0 0.147054 0.484207 0.027629 0.037276
0 0.055737 0.471401 0.059925 0.089501
1 0.521392 0.549319 0.011892 0.047615
1 0.284607 0.724793 0.037378 0.266443
0 0.013729 0.451654 0.025520 0.055959
2 0.862559 0.522982 0.055682 0.040963
2 0.864741 0.589839 0.138391 0.105331
2 0.221906 0.553444 0.077911 0.062500
0 0.055737 0.471401 0.059925 0.089501
1 0.546517 0.542431 0.014002 0.045306
2 0.078644 0.610325 0.044242 0.115616
0 0.418707 0.499076 0.027360 0.041382