2 0.378540 0.493769 0.123213 0.129555
2 0.789319 0.604050 0.153961 0.147843
2 0.554332 0.549337 0.136650 0.161592
3 0.113576 0.826710 0.224948 0.346580
2 0.753840 0.505596 0.133554 0.069025
3 0.225148 0.508580 0.111628 0.067502
3 0.242356 0.453807 0.044557 0.045429
2 0.654747 0.506228 0.062895 0.068180
3 0.760910 0.458804 0.068095 0.037966
3 0.061757 0.481996 0.119508 0.103624
2 0.955101 0.517463 0.089789 0.052432
3 0.642544 0.437172 0.049598 0.039058
3 0.827808 0.474528 0.056397 0.041491
2 0.861310 0.510218 0.112551 0.059485
2 0.368442 0.413851 0.069537 0.040642
2 0.678708 0.461131 0.083489 0.042746
2 0.516541 0.406138 0.047880 0.039729
2 0.942888 0.485265 0.074723 0.033200
2 0.455097 0.397085 0.036014 0.046618
2 0.579174 0.425614 0.060543 0.032812
2 0.685031 0.460553 0.070999 0.044163
2 0.982902 0.611869 0.034196 0.128628
2 0.557697 0.465967 0.081110 0.043506