0 0.902098 0.341653 0.195804 0.532312
0 0.154857 0.494266 0.309715 0.357152
1 0.041833 0.735935 0.079620 0.306622
3 0.651098 0.544980 0.110306 0.104353
1 0.419165 0.755761 0.064834 0.344577
3 0.730537 0.535055 0.057044 0.097897
1 0.791971 0.731100 0.037913 0.310998
2 0.481075 0.766928 0.580550 0.331748
3 0.790417 0.547486 0.075188 0.102170
0 0.489847 0.485049 0.155812 0.180985
1 0.355082 0.624823 0.027685 0.164393
1 0.012974 0.676687 0.025823 0.218853
3 0.339266 0.561396 0.065130 0.065763
1 0.509645 0.578345 0.026133 0.082272
1 0.843067 0.683067 0.067934 0.245264
1 0.676173 0.612224 0.021099 0.138267
1 0.843107 0.681934 0.066418 0.242276
0 0.322375 0.472621 0.082112 0.131715
1 0.986943 0.827899 0.026113 0.344203
2 0.884255 0.670642 0.229955 0.209964
0 0.384639 0.472349 0.048475 0.123356
0 0.384926 0.474022 0.047893 0.125548