1 0.031357 0.708200 0.062715 0.196959
1 0.161763 0.626368 0.043529 0.125438
1 0.386318 0.770990 0.104928 0.330386
1 0.747553 0.736595 0.081135 0.351115
1 0.469851 0.868188 0.228030 0.263428
1 0.270814 0.633060 0.046931 0.103624
0 0.888686 0.463025 0.221426 0.355883
2 0.323531 0.747589 0.247701 0.271174
1 0.875086 0.603648 0.039992 0.188251
1 0.404998 0.642002 0.059414 0.165950
3 0.482631 0.509616 0.042124 0.041920
1 0.223631 0.690384 0.076028 0.178413
2 0.964242 0.698889 0.071461 0.244708
3 0.410856 0.525407 0.026507 0.029526
1 0.223025 0.693912 0.073574 0.181594
2 0.216470 0.683040 0.125593 0.166378