0 0.784079 0.424083 0.094240 0.134931
0 0.914870 0.419770 0.098278 0.130191
1 0.788239 0.602686 0.039391 0.141485
1 0.366719 0.608830 0.053893 0.139197
1 0.984639 0.600624 0.030721 0.129794
1 0.023931 0.597826 0.043774 0.148599
3 0.176282 0.531815 0.131924 0.094859
2 0.148715 0.617763 0.206589 0.118252
2 0.851856 0.637204 0.296287 0.120929
1 0.237182 0.601867 0.043382 0.142038
1 0.298004 0.591036 0.025594 0.144321
1 0.678626 0.583742 0.045384 0.082351
3 0.036409 0.559334 0.072210 0.149131
1 0.313389 0.535299 0.020147 0.055934
3 0.050441 0.518614 0.097512 0.096136
2 0.631459 0.627051 0.371437 0.110355
3 0.038906 0.545490 0.077516 0.142849
3 0.049062 0.522753 0.095284 0.103542