2 0.756343 0.578734 0.129869 0.120750
2 0.422479 0.494724 0.114408 0.111551
3 0.328829 0.704049 0.392786 0.220347
2 0.570310 0.540872 0.120461 0.129758
2 0.687500 0.505142 0.096709 0.056649
3 0.197816 0.455458 0.042257 0.043985
2 0.781965 0.507595 0.091954 0.050932
2 0.499920 0.466756 0.074422 0.037699
3 0.079110 0.479735 0.098442 0.086604
3 0.567162 0.441215 0.048558 0.037426
2 0.947424 0.584860 0.105152 0.111413
2 0.316982 0.419367 0.064514 0.042639
3 0.746333 0.477494 0.054704 0.040055
2 0.610798 0.462917 0.074713 0.040288
3 0.224329 0.509343 0.105826 0.064293
3 0.684581 0.462360 0.056034 0.037782
2 0.611148 0.504131 0.059798 0.059681
2 0.845736 0.485930 0.063071 0.028971
3 0.684860 0.462445 0.057663 0.037833
2 0.452405 0.411422 0.040560 0.038918
2 0.161109 0.486702 0.072319 0.041443