2 0.133604 0.478180 0.183690 0.098208
2 0.605931 0.380938 0.108625 0.059768
2 0.041919 0.574701 0.083838 0.125983
1 0.711506 0.679961 0.059971 0.227094
1 0.627066 0.684508 0.055921 0.203823
2 0.806238 0.407191 0.132127 0.080305
1 0.546703 0.670460 0.047354 0.166608
3 0.722215 0.388494 0.096007 0.051905
1 0.758865 0.671464 0.053356 0.213216
2 0.891586 0.683186 0.216827 0.375776
2 0.484604 0.644395 0.204259 0.171433
1 0.581193 0.679710 0.046607 0.185273
2 0.746909 0.486636 0.182022 0.118172
2 0.694410 0.556805 0.268607 0.147227
2 0.748747 0.487405 0.182364 0.118677