3 0.824589 0.495846 0.166623 0.088552
1 0.631051 0.586150 0.029009 0.150302
1 0.671625 0.619759 0.032191 0.169144
1 0.505836 0.576971 0.027448 0.160122
3 0.188653 0.457308 0.108588 0.080157
3 0.671888 0.447456 0.067862 0.034666
1 0.465207 0.562503 0.026154 0.162348
1 0.692471 0.613782 0.028697 0.168293
1 0.479178 0.541870 0.023480 0.150061
1 0.227439 0.571704 0.027308 0.197675
1 0.214687 0.508757 0.027211 0.167252
1 0.300963 0.587206 0.025213 0.195477
1 0.301523 0.588651 0.026166 0.194929
1 0.226769 0.573690 0.027411 0.194681