1 0.579506 0.628105 0.020291 0.075074
1 0.368870 0.638744 0.022117 0.086249
3 0.601360 0.581873 0.036383 0.069996
1 0.286311 0.629825 0.021121 0.078692
1 0.560802 0.633388 0.021528 0.082701
1 0.313875 0.633073 0.020309 0.084860
1 0.384835 0.632685 0.019155 0.082682
1 0.619749 0.645803 0.024660 0.090747
1 0.657849 0.639697 0.024734 0.094099
1 0.386080 0.634762 0.018841 0.079777
1 0.329224 0.621674 0.018845 0.072760
0 0.353082 0.551808 0.120489 0.170685
1 0.649227 0.640575 0.022340 0.091375
1 0.287186 0.629181 0.021497 0.077397