2 0.933967 0.355785 0.110058 0.068323
1 0.556560 0.433625 0.018250 0.057613
1 0.833610 0.359035 0.015948 0.050143
1 0.575510 0.424906 0.016830 0.064065
1 0.697914 0.374506 0.014353 0.054747
1 0.807579 0.360092 0.015945 0.040929
1 0.718439 0.374652 0.019651 0.058714
1 0.749036 0.377634 0.019381 0.065744
0 0.223274 0.450472 0.203653 0.214562
1 0.756103 0.370984 0.017926 0.065104
1 0.754433 0.374205 0.019458 0.068917
1 0.678440 0.375800 0.018476 0.054279
1 0.726193 0.380361 0.018010 0.055094
1 0.727167 0.378577 0.020211 0.059685