3 0.180851 0.150785 0.291290 0.269657
3 0.850829 0.160529 0.156985 0.154140
2 0.660328 0.057112 0.194433 0.111109
1 0.880463 0.760540 0.092588 0.423857
1 0.905282 0.421951 0.050380 0.169519
1 0.593197 0.730937 0.140170 0.525763
1 0.978699 0.492726 0.042602 0.159100
1 0.695984 0.367971 0.042662 0.139544
1 0.447459 0.475347 0.049375 0.244898
1 0.936009 0.788338 0.127981 0.420609
1 0.662366 0.662542 0.085891 0.406729
1 0.678952 0.089254 0.024937 0.107665
1 0.799937 0.369995 0.056510 0.104163
1 0.492665 0.509004 0.052877 0.258069
1 0.362961 0.692108 0.091024 0.473831
1 0.790228 0.657842 0.074211 0.349358