1 0.706110 0.530230 0.070148 0.205203
1 0.821382 0.531593 0.073117 0.211572
1 0.925704 0.495236 0.065671 0.191655
1 0.566888 0.485407 0.060406 0.180833
1 0.896072 0.450899 0.056837 0.167168
1 0.501192 0.425989 0.044732 0.143026
1 0.532067 0.394399 0.037580 0.125607
1 0.805081 0.423961 0.044444 0.129710
1 0.046599 0.516694 0.041367 0.126992
1 0.109059 0.505563 0.038096 0.112950
1 0.468060 0.396487 0.036653 0.110959
1 0.164032 0.491384 0.034003 0.108449
1 0.717555 0.437780 0.038023 0.116566
1 0.333076 0.457182 0.034463 0.084772