1 0.853118 0.560849 0.028374 0.084089
1 0.746288 0.547213 0.018722 0.064851
1 0.916063 0.568802 0.026712 0.091645
1 0.772681 0.549016 0.019940 0.068804
1 0.976373 0.574464 0.026818 0.100681
1 0.828239 0.556290 0.021175 0.078063
3 0.712791 0.531673 0.059037 0.067328
1 0.962889 0.571926 0.027467 0.099224
1 0.794890 0.551369 0.019357 0.072088
1 0.628322 0.536943 0.013066 0.048663
1 0.810619 0.552577 0.019383 0.075334
1 0.677944 0.540032 0.012984 0.049552
1 0.662273 0.537459 0.012953 0.053222
1 0.719460 0.544266 0.013911 0.058102
1 0.706328 0.542369 0.010381 0.052279
1 0.904879 0.567692 0.022318 0.087345
1 0.814823 0.553903 0.021040 0.075629
1 0.718309 0.541663 0.015147 0.057615