3 0.404747 0.664695 0.152489 0.189569
3 0.201280 0.669169 0.192676 0.193936
3 0.641866 0.669457 0.144275 0.198735
3 0.300624 0.388169 0.116940 0.101342
3 0.916927 0.675221 0.166081 0.205732
3 0.059476 0.677028 0.118952 0.181508
1 0.697708 0.425346 0.036194 0.102189
3 0.135248 0.432738 0.155247 0.110795
1 0.646017 0.338873 0.052481 0.097252
0 0.569588 0.336798 0.060762 0.114119
1 0.817392 0.581556 0.078461 0.184519
1 0.748461 0.515323 0.042672 0.116384
3 0.381921 0.378295 0.069720 0.070753
1 0.167158 0.335197 0.020685 0.057234
2 0.026689 0.392125 0.053378 0.081115
1 0.067975 0.345611 0.020049 0.063131