3 0.243488 0.330397 0.187534 0.123658
3 0.656184 0.485424 0.183590 0.101239
1 0.733011 0.561705 0.059224 0.173794
1 0.134105 0.481212 0.075195 0.206608
3 0.085553 0.413450 0.154725 0.118437
3 0.243431 0.448559 0.174679 0.113523
3 0.975732 0.482944 0.048536 0.046427
3 0.439096 0.498498 0.049295 0.056115
1 0.813013 0.503543 0.034688 0.099209
3 0.859950 0.466444 0.066543 0.042448
1 0.921185 0.493671 0.021754 0.068843
3 0.495418 0.506147 0.046436 0.050345
3 0.716101 0.359675 0.032654 0.043159
3 0.910325 0.423931 0.034671 0.034694
3 0.438802 0.498646 0.050580 0.057156