1 0.740302 0.571775 0.072439 0.208557
3 0.147570 0.296307 0.231296 0.154840
3 0.378916 0.498904 0.052931 0.062119
3 0.145801 0.439716 0.224854 0.132557
3 0.438429 0.506367 0.050464 0.058908
3 0.944428 0.483267 0.071572 0.053284
3 0.631268 0.485647 0.209994 0.120895
1 0.016526 0.472513 0.032592 0.288960
1 0.791042 0.504312 0.036961 0.107851
3 0.817465 0.465314 0.059692 0.041587
3 0.658701 0.356589 0.034789 0.040946
1 0.883456 0.493963 0.023308 0.068496
1 0.497943 0.509557 0.025038 0.096195
1 0.519462 0.479530 0.055918 0.188995