1 0.939810 0.557251 0.023553 0.087409
0 0.389853 0.474777 0.095869 0.222052
0 0.788231 0.462312 0.110775 0.200771
1 0.986859 0.615427 0.026282 0.179041
1 0.130815 0.557784 0.023930 0.093643
1 0.809226 0.573500 0.032671 0.128380
1 0.850177 0.556977 0.026728 0.095136
0 0.588196 0.470166 0.114007 0.243129
1 0.042169 0.553019 0.053379 0.101512
0 0.344771 0.496668 0.040147 0.115115
1 0.763745 0.551792 0.031923 0.096969
1 0.167932 0.548589 0.022253 0.083317
1 0.154063 0.537683 0.015286 0.068136
0 0.537419 0.491558 0.058461 0.134249
0 0.713723 0.492100 0.072435 0.137506