3 0.362076 0.608772 0.198854 0.204813
3 0.852490 0.426533 0.101687 0.080274
3 0.854585 0.356762 0.103848 0.082033
3 0.157120 0.438158 0.128674 0.122010
3 0.036788 0.424775 0.057642 0.096261
3 0.163511 0.544419 0.134245 0.127613
3 0.939767 0.383720 0.077495 0.096502
3 0.033615 0.325055 0.067230 0.080440
3 0.700083 0.316967 0.050661 0.054653
3 0.734316 0.299875 0.048994 0.048797
3 0.697257 0.273837 0.047098 0.054552
3 0.562693 0.353059 0.081373 0.055147
1 0.510951 0.499678 0.043655 0.134207
3 0.010014 0.395277 0.020029 0.065958