0 0.570353 0.308371 0.218293 0.616328
0 0.818941 0.358800 0.361144 0.707479
1 0.096418 0.740879 0.084379 0.380870
1 0.171519 0.607846 0.050962 0.265252
1 0.031866 0.642703 0.063700 0.286273
1 0.677103 0.607621 0.092359 0.229787
1 0.571450 0.653797 0.109190 0.285346
1 0.344966 0.683468 0.054315 0.325403
1 0.381598 0.588220 0.057131 0.234739
1 0.507470 0.539936 0.073816 0.191910
1 0.220539 0.511106 0.066682 0.176391
3 0.895094 0.837911 0.209812 0.317521
1 0.382013 0.585722 0.055785 0.230357
3 0.895021 0.836821 0.207924 0.318755
0 0.753974 0.349599 0.484551 0.685494