0 0.773384 0.462043 0.105534 0.202195
1 0.914467 0.597637 0.043648 0.155305
0 0.397494 0.476908 0.093835 0.215923
1 0.959910 0.568588 0.030886 0.113033
0 0.586980 0.472480 0.100492 0.218615
0 0.706547 0.496737 0.069434 0.122648
0 0.349908 0.497565 0.041925 0.113481
1 0.086317 0.553323 0.023069 0.087472
1 0.900947 0.548417 0.019301 0.082546
1 0.776267 0.562146 0.030758 0.113143
0 0.536052 0.491265 0.055322 0.134470
1 0.817535 0.551424 0.022858 0.087376
1 0.175539 0.536474 0.016158 0.069529
1 0.901271 0.546627 0.016833 0.069183
1 0.193891 0.543791 0.018918 0.069288
1 0.738453 0.547633 0.023617 0.084065