3 0.045463 0.545101 0.089388 0.088278
3 0.143743 0.541261 0.112234 0.085337
1 0.331838 0.557926 0.036361 0.070360
1 0.263493 0.558308 0.032150 0.070627
1 0.394419 0.560323 0.034504 0.074013
1 0.428030 0.560954 0.035389 0.075406
1 0.230613 0.558926 0.031292 0.068512
1 0.485940 0.560288 0.038985 0.080313
1 0.535980 0.562843 0.037780 0.076592
1 0.606070 0.564425 0.039752 0.076692
1 0.578663 0.565150 0.030639 0.074224
1 0.711268 0.566713 0.039471 0.079650
1 0.990881 0.576117 0.018239 0.089011
1 0.006675 0.558773 0.013281 0.067962
1 0.100510 0.557559 0.022262 0.059836
1 0.665013 0.567799 0.030468 0.068930