1 0.140422 0.582868 0.079026 0.223024
3 0.070098 0.487738 0.140128 0.134638
1 0.716141 0.642344 0.049906 0.188826
3 0.494421 0.517068 0.045824 0.062303
3 0.348148 0.484119 0.063378 0.047311
1 0.971411 0.822769 0.057178 0.354461
3 0.225398 0.465723 0.062386 0.041842
1 0.988834 0.499365 0.022333 0.130128
3 0.876983 0.528094 0.042752 0.048190
1 0.717371 0.641506 0.049830 0.188914
1 0.199113 0.506337 0.038299 0.108914
3 0.495440 0.457421 0.045733 0.062859
3 0.061543 0.345926 0.035055 0.046463
1 0.702695 0.507321 0.018164 0.076547
1 0.291934 0.495167 0.021539 0.069145
1 0.783713 0.518159 0.020641 0.069926
3 0.679670 0.486802 0.052842 0.051188
3 0.691260 0.527578 0.078492 0.047056