1 0.092699 0.582053 0.052924 0.150245
1 0.826059 0.826169 0.119643 0.341550
1 0.289403 0.601345 0.052176 0.157178
1 0.652129 0.596538 0.041636 0.132771
1 0.202845 0.606568 0.055666 0.153030
1 0.368184 0.570802 0.045759 0.143955
1 0.061973 0.507107 0.035741 0.114366
1 0.536841 0.577759 0.033742 0.104723
1 0.352918 0.540884 0.038863 0.133806
1 0.300446 0.525165 0.035893 0.115324
1 0.352394 0.539596 0.039507 0.135178
1 0.818365 0.647871 0.044417 0.129331
1 0.590986 0.609881 0.031258 0.080093
1 0.034943 0.535972 0.042033 0.125434
1 0.744678 0.632915 0.046652 0.143608
1 0.009094 0.510009 0.018140 0.105733
1 0.235489 0.526516 0.032294 0.081678