3 0.439321 0.487232 0.060925 0.073307
1 0.733336 0.534562 0.028431 0.114959
1 0.809226 0.537931 0.027685 0.091318
3 0.147238 0.473496 0.038535 0.045025
1 0.173834 0.556007 0.027490 0.088317
3 0.246130 0.537816 0.078116 0.057892
3 0.856231 0.547131 0.053549 0.065106
1 0.021296 0.590144 0.041971 0.180032
3 0.658924 0.559533 0.083431 0.052708
1 0.589837 0.554077 0.016147 0.069724
3 0.091629 0.525953 0.084956 0.049106
1 0.044602 0.518501 0.021262 0.068363
3 0.438574 0.557933 0.060294 0.084366
3 0.657570 0.508674 0.082142 0.053747
1 0.575057 0.556354 0.018085 0.076074
3 0.246221 0.538487 0.077211 0.058926
1 0.347807 0.548727 0.027016 0.084461
3 0.786475 0.558546 0.067172 0.047781