3 0.423116 0.753705 0.076596 0.106776
1 0.825377 0.636850 0.036833 0.160156
1 0.906585 0.613619 0.035384 0.124410
3 0.191677 0.763274 0.091022 0.075724
3 0.686436 0.611733 0.104780 0.064103
1 0.084754 0.815889 0.037376 0.112884
3 0.416833 0.659489 0.077289 0.094046
3 0.688856 0.676090 0.095875 0.068455
3 0.034561 0.784071 0.069122 0.064487
3 0.940550 0.601024 0.053904 0.081022
1 0.612635 0.688588 0.018600 0.082621
1 0.595055 0.697118 0.022748 0.091978
1 0.518608 0.719004 0.024404 0.093011
3 0.813945 0.649144 0.083891 0.080102
1 0.987382 0.590339 0.023743 0.111000
3 0.103755 0.700098 0.045549 0.049591