3 0.411008 0.422887 0.127407 0.090798
3 0.558854 0.382100 0.105242 0.084233
3 0.846725 0.648127 0.135703 0.193111
3 0.460135 0.626982 0.154662 0.151792
3 0.287756 0.387909 0.109441 0.074402
3 0.635369 0.632500 0.139218 0.166678
3 0.202101 0.631405 0.160116 0.140342
3 0.086076 0.612818 0.172152 0.191412
1 0.946077 0.414972 0.040594 0.108600
1 0.900626 0.329965 0.048485 0.103331
1 0.985461 0.507650 0.029077 0.120152
3 0.323826 0.626703 0.133853 0.144711
0 0.835408 0.321870 0.063112 0.117700
1 0.108440 0.392467 0.024476 0.067240